날짜,PBR,PER,배당수익률
2020-01-02,0.92,16.45,2.14
2020-01-03,0.93,16.47,2.14
2020-01-06,0.92,16.34,2.16
2020-01-07,0.93,16.5,2.14
2020-01-08,0.92,16.4,2.15
2020-01-09,0.94,16.68,2.11
2020-01-10,0.95,16.83,2.1
2020-01-13,0.96,17.01,2.07
2020-01-14,0.96,17.08,2.06
2020-01-15,0.95,16.98,2.08
2020-01-16,0.96,17.16,2.06
2020-01-17,0.97,17.18,2.05
2020-01-20,0.97,17.31,2.04
2020-01-21,0.96,17.12,2.06
2020-01-22,0.97,17.34,2.03
2020-01-23,0.96,17.13,2.06
2020-01-28,0.93,16.59,2.13
2020-01-29,0.94,16.66,2.12
2020-01-30,0.92,16.34,2.16
2020-01-31,0.91,16.13,2.19
2020-02-03,0.91,16.16,2.18
2020-02-04,0.93,16.48,2.14
2020-02-05,0.93,16.55,2.13
2020-02-06,0.96,17.04,2.07
2020-02-07,0.95,16.9,2.09
2020-02-10,0.94,16.79,2.1
2020-02-11,0.95,16.96,2.08
2020-02-12,0.96,17.09,2.06
2020-02-13,0.96,17.06,2.07
2020-02-14,0.96,17.18,2.05
2020-02-17,0.96,17.16,2.05
2020-02-18,0.95,16.88,2.09
2020-02-19,0.95,16.91,2.09
2020-02-20,0.94,16.82,2.1
2020-02-21,0.93,16.58,2.13
2020-02-24,0.89,15.93,2.21
2020-02-25,0.91,16.11,2.19
2020-02-26,0.89,15.87,2.22
2020-02-27,0.88,15.71,2.24
2020-02-28,0.85,15.2,2.32
2020-03-02,0.86,15.33,2.3
2020-03-03,0.86,15.4,2.29
2020-03-04,0.89,15.77,2.24
2020-03-05,0.9,15.95,2.21
2020-03-06,0.88,15.6,2.26
2020-03-09,0.84,14.92,2.36
2020-03-10,0.84,15.0,2.35
2020-03-11,0.82,14.57,2.42
2020-03-12,0.79,14.04,2.51
2020-03-13,0.77,13.64,2.58
2020-03-16,0.74,13.21,2.67
2020-03-17,0.72,12.86,2.74
2020-03-18,0.69,12.23,2.88
2020-03-19,0.63,11.3,3.12
2020-03-20,0.68,12.11,2.91
2020-03-23,0.64,11.44,3.08
2020-03-24,0.7,12.49,2.82
2020-03-25,0.74,13.2,2.67
2020-03-26,0.73,13.0,2.71
2020-03-27,0.74,13.25,2.66
2020-03-30,0.74,13.18,2.68
2020-03-31,0.75,13.43,2.63
2020-04-01,0.72,12.83,2.75
2020-04-02,0.74,13.14,2.68
2020-04-03,0.74,13.13,2.68
2020-04-06,0.77,13.65,2.58
2020-04-07,0.78,13.88,2.54
2020-04-08,0.77,13.71,2.57
2020-04-09,0.78,13.92,2.53
2020-04-10,0.79,14.06,2.51
2020-04-13,0.77,13.8,2.56
2020-04-14,0.79,14.03,2.51
2020-04-16,0.79,14.01,2.52
2020-04-17,0.81,14.46,2.44
2020-04-20,0.8,14.29,2.47
2020-04-21,0.79,14.14,2.49
2020-04-22,0.8,14.28,2.47
2020-04-23,0.81,14.38,2.45
2020-04-24,0.8,14.19,2.49
2020-04-27,0.81,14.45,2.44
2020-04-28,0.82,14.53,2.43
2020-04-29,0.82,14.63,2.41
2020-05-04,0.8,16.35,2.45
2020-05-06,0.82,16.63,2.41
2020-05-07,0.82,16.6,2.42
2020-05-08,0.82,16.74,2.4
2020-05-11,0.82,16.63,2.41
2020-05-12,0.81,16.53,2.43
2020-05-13,0.82,16.69,2.4
2020-05-14,0.81,16.55,2.42
2020-05-15,0.81,16.55,2.42
2020-05-18,0.82,16.66,2.41
2020-05-19,0.84,17.08,2.35
2020-05-20,0.84,17.14,2.34
2020-05-21,0.85,17.21,2.33
2020-05-22,0.83,16.93,2.37
2020-05-25,0.84,17.13,2.34
2020-05-26,0.86,17.43,2.3
2020-05-27,0.86,17.45,2.3
2020-05-28,0.86,17.49,2.29
2020-05-29,0.86,17.5,2.29
2020-06-01,0.88,17.82,2.25
2020-06-02,0.88,18.0,2.23
2020-06-03,0.92,21.02,2.15
2020-06-04,0.92,21.06,2.15
2020-06-05,0.93,21.39,2.11
2020-06-08,0.93,21.4,2.11
2020-06-09,0.93,21.44,2.11
2020-06-10,0.94,21.48,2.11
2020-06-11,0.93,21.24,2.13
2020-06-12,0.91,21.62,2.16
2020-06-15,0.87,20.56,2.27
2020-06-16,0.92,21.69,2.15
2020-06-17,0.92,21.72,2.15
2020-06-18,0.91,21.63,2.15
2020-06-19,0.92,21.75,2.14
2020-06-22,0.91,21.6,2.16
2020-06-23,0.91,21.64,2.15
2020-06-24,0.93,22.0,2.12
2020-06-25,0.91,21.47,2.17
2020-06-26,0.92,21.75,2.14
2020-06-29,0.9,21.34,2.18
2020-06-30,0.91,21.5,2.17
2020-07-01,0.91,21.51,2.17
2020-07-02,0.92,21.79,2.14
2020-07-03,0.93,21.94,2.12
2020-07-06,0.94,22.3,2.09
2020-07-07,0.93,22.01,2.12
2020-07-08,0.93,21.95,2.12
2020-07-09,0.93,22.04,2.11
2020-07-10,0.92,21.88,2.13
2020-07-13,0.94,22.25,2.1
2020-07-14,0.94,22.23,2.1
2020-07-15,0.95,22.43,2.08
2020-07-16,0.94,22.2,2.1
2020-07-17,0.95,22.38,2.08
2020-07-20,0.94,22.32,2.09
2020-07-21,0.96,22.65,2.06
2020-07-22,0.95,22.57,2.07
2020-07-23,0.95,22.44,2.08
2020-07-24,0.94,22.31,2.09
2020-07-27,0.95,22.53,2.07
2020-07-28,0.97,23.04,2.02
2020-07-29,0.98,23.12,2.02
2020-07-30,0.98,23.17,2.01
2020-07-31,0.97,22.97,2.03
2020-08-03,0.97,22.98,2.03
2020-08-04,0.98,23.26,2.0
2020-08-05,0.99,23.54,1.98
2020-08-06,1.01,23.89,1.95
2020-08-07,1.01,23.99,1.94
2020-08-10,1.03,24.31,1.92
2020-08-11,1.04,24.64,1.89
2020-08-12,1.05,24.77,1.88
2020-08-13,1.05,24.82,1.88
2020-08-14,1.04,24.51,1.9
2020-08-18,1.02,24.02,1.94
2020-08-19,1.02,24.08,1.94
2020-08-20,0.98,23.16,2.01
2020-08-21,0.99,23.51,1.98
2020-08-24,1.0,23.75,1.96
2020-08-25,1.02,24.08,1.94
2020-08-26,1.02,24.13,1.93
2020-08-27,1.01,23.91,1.95
2020-08-28,1.01,23.98,1.94
2020-08-31,1.0,23.59,1.98
2020-09-01,1.01,23.79,1.96
2020-09-02,1.01,23.92,1.95
2020-09-03,1.03,24.3,1.92
2020-09-04,1.01,23.96,1.95
2020-09-07,1.02,24.09,1.94
2020-09-08,1.03,24.37,1.91
2020-09-09,1.02,24.1,1.93
2020-09-10,1.01,25.04,1.92
2020-09-11,1.01,25.09,1.91
2020-09-14,1.02,25.45,1.89
2020-09-15,1.03,25.64,1.87
2020-09-16,1.03,25.56,1.88
2020-09-17,1.02,25.22,1.9
2020-09-18,1.02,25.25,1.9
2020-09-21,1.01,25.05,1.92
2020-09-22,0.99,24.49,1.96
2020-09-23,0.99,24.54,1.96
2020-09-24,0.96,23.97,2.0
2020-09-25,0.97,24.06,2.0
2020-09-28,0.98,24.33,1.97
2020-09-29,0.99,24.52,1.96
2020-10-05,1.0,24.84,1.93
2020-10-06,1.0,24.92,1.93
2020-10-07,1.01,25.15,1.91
2020-10-08,1.01,25.16,1.91
2020-10-12,1.02,25.29,1.9
2020-10-13,1.02,25.33,1.9
2020-10-14,1.01,25.09,1.91
2020-10-15,1.0,24.89,1.93
2020-10-16,1.0,24.73,1.94
2020-10-19,1.0,24.79,1.94
2020-10-20,1.01,24.98,1.92
2020-10-21,1.01,25.07,1.92
2020-10-22,1.0,24.91,1.93
2020-10-23,1.01,24.99,1.92
2020-10-26,1.0,24.89,1.93
2020-10-27,1.0,24.75,1.94
2020-10-28,1.0,24.86,1.93
2020-10-29,0.99,24.61,1.95
2020-10-30,0.96,23.94,2.01
2020-11-02,0.98,24.29,1.98
2020-11-03,1.0,24.77,1.94
2020-11-04,1.0,24.91,1.93
2020-11-05,1.03,25.52,1.88
2020-11-06,1.03,25.57,1.88
2020-11-09,1.04,25.87,1.86
2020-11-10,1.04,25.89,1.85
2020-11-11,1.06,26.29,1.83
2020-11-12,1.05,26.18,1.83
2020-11-13,1.06,26.44,1.82
2020-11-16,1.09,27.04,1.78
2020-11-17,1.09,26.98,1.78
2020-11-18,1.09,26.99,1.78
2020-11-19,1.09,27.01,1.78
2020-11-20,1.09,27.04,1.78
2020-11-23,1.11,27.66,1.74
2020-11-24,1.12,27.81,1.73
2020-11-25,1.11,27.65,1.74
2020-11-26,1.13,27.96,1.72
2020-11-27,1.13,28.0,1.71
2020-11-30,1.11,27.47,1.75
2020-12-01,1.13,27.98,1.72
2020-12-02,1.15,28.48,1.69
2020-12-03,1.16,28.71,1.67
2020-12-04,1.18,29.19,1.65
2020-12-07,1.18,29.37,1.64
2020-12-08,1.16,28.87,1.66
2020-12-09,1.19,29.51,1.63
2020-12-10,1.18,29.34,1.64
2020-12-11,1.19,25.9,1.59
2020-12-14,1.18,25.85,1.6
2020-12-15,1.18,25.8,1.6
2020-12-16,1.19,25.92,1.59
2020-12-17,1.19,25.88,1.6
2020-12-18,1.18,25.85,1.6
2020-12-21,1.19,25.89,1.59
2020-12-22,1.17,25.5,1.62
2020-12-23,1.18,25.84,1.6
2020-12-24,1.21,26.39,1.56
2020-12-28,1.21,26.44,1.56
2020-12-29,1.22,26.54,1.56
2020-12-30,1.24,27.09,1.52
2021-01-04,1.27,27.83,1.48
2021-01-05,1.29,28.26,1.46
2021-01-06,1.28,27.98,1.48
2021-01-07,1.31,28.59,1.44
2021-01-08,1.37,29.94,1.38
2021-01-11,1.37,30.01,1.38
2021-01-12,1.36,29.78,1.39
2021-01-13,1.37,29.95,1.38
2021-01-14,1.37,29.92,1.38
2021-01-15,1.34,29.26,1.41
2021-01-18,1.31,28.6,1.44
2021-01-19,1.34,29.35,1.41
2021-01-20,1.35,29.54,1.4
2021-01-21,1.37,29.98,1.38
2021-01-22,1.36,29.76,1.39
2021-01-25,1.4,30.52,1.35
2021-01-26,1.36,29.75,1.39
2021-01-27,1.35,29.54,1.4
2021-01-28,1.33,29.03,1.42
2021-01-29,1.29,28.21,1.46
2021-02-01,1.33,28.97,1.43
2021-02-02,1.34,29.36,1.41
2021-02-03,1.36,29.65,1.39
2021-02-04,1.34,29.17,1.42
2021-02-05,1.35,29.52,1.4
2021-02-08,1.34,29.21,1.41
2021-02-09,1.33,29.14,1.42
2021-02-10,1.34,29.26,1.41
2021-02-15,1.36,29.78,1.39
2021-02-16,1.37,29.94,1.38
2021-02-17,1.36,29.58,1.4
2021-02-18,1.33,29.11,1.42
2021-02-19,1.34,29.36,1.41
2021-02-22,1.33,29.08,1.42
2021-02-23,1.33,29.0,1.42
2021-02-24,1.3,28.4,1.45
2021-02-25,1.35,29.47,1.4
2021-02-26,1.31,28.59,1.44
2021-03-02,1.33,28.93,1.43
2021-03-03,1.34,29.31,1.41
2021-03-04,1.32,28.89,1.43
2021-03-05,1.32,28.74,1.44
2021-03-08,1.3,28.48,1.45
2021-03-09,1.3,28.3,1.46
2021-03-10,1.29,28.14,1.47
2021-03-11,1.31,28.67,1.44
2021-03-12,1.33,29.02,1.42
2021-03-15,1.32,28.89,1.43
2021-03-16,1.33,29.1,1.42
2021-03-17,1.32,28.87,1.43
2021-03-18,1.33,29.09,1.42
2021-03-19,1.32,28.8,1.43
2021-03-22,1.32,28.78,1.43
2021-03-23,1.31,28.5,1.45
2021-03-24,1.3,28.39,1.45
2021-03-25,1.31,28.49,1.45
2021-03-26,1.32,28.79,1.43
2021-03-29,1.32,28.74,1.44
2021-03-30,1.33,29.06,1.42
2021-03-31,1.33,28.95,1.43
2021-04-01,1.34,29.26,1.41
2021-04-02,1.35,29.56,1.4
2021-04-05,1.36,29.64,1.39
2021-04-06,1.36,29.71,1.39
2021-04-07,1.36,29.77,1.39
2021-04-08,1.36,29.78,1.39
2021-04-09,1.36,29.6,1.39
2021-04-12,1.36,29.59,1.4
2021-04-13,1.37,29.93,1.38
2021-04-14,1.38,30.05,1.37
2021-04-15,1.38,30.19,1.37
2021-04-16,1.38,30.18,1.37
2021-04-19,1.38,30.14,1.37
2021-04-20,1.39,30.33,1.36
2021-04-21,1.36,29.79,1.39
2021-04-22,1.37,29.83,1.38
2021-04-23,1.37,29.9,1.38
2021-04-26,1.38,30.18,1.37
2021-04-27,1.38,30.16,1.37
2021-04-28,1.37,29.84,1.38
2021-04-29,1.36,29.75,1.39
2021-04-30,1.35,29.48,1.4
2021-05-03,1.34,24.12,2.02
2021-05-04,1.35,24.31,2.0
2021-05-06,1.36,24.48,1.99
2021-05-07,1.36,24.59,1.98
2021-05-10,1.38,25.0,1.95
2021-05-11,1.36,24.6,1.98
2021-05-12,1.34,24.21,2.01
2021-05-13,1.32,23.84,2.04
2021-05-14,1.33,24.08,2.02
2021-05-17,1.33,23.97,2.03
2021-05-18,1.34,24.25,2.01
2021-05-20,1.34,24.17,2.01
2021-05-21,1.34,24.19,2.01
2021-05-24,1.33,24.09,2.02
2021-05-25,1.35,24.31,2.0
2021-05-26,1.34,24.26,2.0
2021-05-27,1.34,24.23,2.01
2021-05-28,1.35,24.35,2.0
2021-05-31,1.35,24.46,1.99
2021-06-01,1.36,24.6,1.98
2021-06-02,1.36,24.59,1.98
2021-06-03,1.34,16.83,1.96
2021-06-04,1.33,16.77,1.96
2021-06-07,1.34,16.81,1.96
2021-06-08,1.34,16.8,1.96
2021-06-09,1.32,16.61,1.98
2021-06-10,1.33,16.65,1.98
2021-06-11,1.35,17.04,1.94
2021-06-14,1.36,17.05,1.94
2021-06-15,1.36,17.09,1.93
2021-06-16,1.37,17.2,1.92
2021-06-17,1.36,17.11,1.93
2021-06-18,1.36,17.12,1.93
2021-06-21,1.35,16.98,1.94
2021-06-22,1.36,17.1,1.93
2021-06-23,1.37,17.19,1.92
2021-06-24,1.37,17.26,1.91
2021-06-25,1.38,17.34,1.9
2021-06-28,1.38,17.32,1.91
2021-06-29,1.37,17.23,1.92
2021-06-30,1.37,17.28,1.91
2021-07-01,1.37,17.18,1.92
2021-07-02,1.36,17.17,1.92
2021-07-05,1.37,17.24,1.92
2021-07-06,1.38,17.31,1.91
2021-07-07,1.37,17.21,1.92
2021-07-08,1.35,17.04,1.94
2021-07-09,1.34,16.85,1.96
2021-07-12,1.35,16.99,1.94
2021-07-13,1.36,17.12,1.93
2021-07-14,1.36,17.08,1.93
2021-07-15,1.37,17.2,1.92
2021-07-16,1.36,17.16,1.93
2021-07-19,1.35,16.96,1.95
2021-07-20,1.34,16.91,1.95
2021-07-21,1.34,16.82,1.96
2021-07-22,1.35,17.02,1.94
2021-07-23,1.35,17.02,1.94
2021-07-26,1.34,16.86,1.96
2021-07-27,1.34,16.89,1.96
2021-07-28,1.35,16.93,1.95
2021-07-29,1.35,16.94,1.95
2021-07-30,1.33,16.72,1.97
2021-08-02,1.34,16.84,1.96
2021-08-03,1.35,16.96,1.95
2021-08-04,1.37,17.2,1.92
2021-08-05,1.36,17.15,1.93
2021-08-06,1.36,17.09,1.93
2021-08-09,1.35,17.03,1.94
2021-08-10,1.34,16.91,1.95
2021-08-11,1.33,16.76,1.97
2021-08-12,1.32,16.66,1.98
2021-08-13,1.3,16.41,2.01
2021-08-17,1.29,16.23,2.04
2021-08-18,1.3,16.31,2.03
2021-08-19,1.27,15.98,2.07
2021-08-20,1.26,15.81,2.09
2021-08-23,1.27,15.96,2.07
2021-08-24,1.29,16.27,2.03
2021-08-25,1.3,16.33,2.02
2021-08-26,1.29,16.19,2.04
2021-08-27,1.29,16.19,2.04
2021-08-30,1.29,16.24,2.03
2021-08-31,1.32,16.56,1.99
2021-09-01,1.32,16.57,1.99
2021-09-02,1.3,16.42,2.01
2021-09-03,1.31,16.55,2.0
2021-09-06,1.32,16.59,1.99
2021-09-07,1.31,16.49,2.0
2021-09-08,1.3,16.36,2.02
2021-09-09,1.23,13.64,2.05
2021-09-10,1.25,13.84,2.02
2021-09-13,1.26,13.88,2.01
2021-09-14,1.26,13.97,2.0
2021-09-15,1.27,13.98,2.0
2021-09-16,1.26,13.87,2.01
2021-09-17,1.26,13.93,2.0
2021-09-23,1.26,13.91,2.01
2021-09-24,1.26,13.89,2.01
2021-09-27,1.26,13.93,2.0
2021-09-28,1.25,13.77,2.03
2021-09-29,1.23,13.56,2.06
2021-09-30,1.23,13.6,2.05
2021-10-01,1.21,13.38,2.09
2021-10-05,1.19,13.15,2.12
2021-10-06,1.17,12.95,2.16
2021-10-07,1.19,13.16,2.12
2021-10-08,1.19,13.13,2.13
2021-10-12,1.17,12.91,2.16
2021-10-13,1.18,13.02,2.14
2021-10-14,1.2,13.21,2.11
2021-10-15,1.21,13.33,2.09
2021-10-18,1.2,13.29,2.1
2021-10-19,1.21,13.4,2.08
2021-10-20,1.21,13.35,2.09
2021-10-21,1.21,13.33,2.09
2021-10-22,1.21,13.33,2.09
2021-10-25,1.21,13.39,2.09
2021-10-26,1.22,13.53,2.06
2021-10-27,1.21,13.41,2.08
2021-10-28,1.21,13.35,2.09
2021-10-29,1.19,13.17,2.12
2021-11-01,1.2,13.22,2.11
2021-11-02,1.21,13.39,2.09
2021-11-03,1.2,13.21,2.11
2021-11-04,1.2,13.28,2.1
2021-11-05,1.2,13.22,2.11
2021-11-08,1.2,13.21,2.11
2021-11-09,1.2,13.24,2.11
2021-11-10,1.19,13.1,2.13
2021-11-11,1.19,13.09,2.13
2021-11-12,1.2,13.24,2.11
2021-11-15,1.21,13.38,2.09
2021-11-16,1.21,13.37,2.09
2021-11-17,1.2,13.21,2.12
2021-11-18,1.19,13.14,2.13
2021-11-19,1.2,13.25,2.11
2021-11-22,1.23,13.54,2.06
2021-11-23,1.22,13.45,2.08
2021-11-24,1.21,13.41,2.08
2021-11-25,1.2,13.29,2.1
2021-11-26,1.18,13.06,2.14
2021-11-29,1.17,12.95,2.16
2021-11-30,1.14,12.6,2.22
2021-12-01,1.17,12.94,2.16
2021-12-02,1.19,13.16,2.12
2021-12-03,1.2,13.24,2.11
2021-12-06,1.2,13.27,2.11
2021-12-07,1.21,13.39,2.09
2021-12-08,1.22,13.42,2.08
2021-12-09,1.23,13.56,2.06
2021-12-10,1.24,13.69,2.04
2021-12-13,1.19,11.97,2.04
2021-12-14,1.18,11.92,2.05
2021-12-15,1.18,11.92,2.05
2021-12-16,1.19,11.99,2.04
2021-12-17,1.19,12.03,2.03
2021-12-20,1.17,11.79,2.07
2021-12-21,1.18,11.87,2.06
2021-12-22,1.18,11.93,2.05
2021-12-23,1.19,11.99,2.04
2021-12-24,1.2,12.06,2.03
2021-12-27,1.19,12.0,2.04
2021-12-28,1.2,12.08,2.02
2021-12-29,1.19,11.95,2.04
2021-12-30,1.18,11.88,2.06
2022-01-03,1.18,11.92,2.05
2022-01-04,1.18,11.91,2.05
2022-01-05,1.17,11.76,2.08
2022-01-06,1.15,11.64,2.1
2022-01-07,1.17,11.78,2.07
2022-01-10,1.16,11.68,2.09
2022-01-11,1.16,11.73,2.08
2022-01-12,1.18,11.9,2.05
2022-01-13,1.18,11.85,2.06
2022-01-14,1.16,11.68,2.09
2022-01-17,1.15,11.57,2.11
2022-01-18,1.14,11.48,2.13
2022-01-19,1.13,11.4,2.14
2022-01-20,1.14,11.46,2.13
2022-01-21,1.12,11.33,2.16
2022-01-24,1.11,11.19,2.18
2022-01-25,1.08,10.92,2.24
2022-01-26,1.08,10.88,2.25
2022-01-27,1.04,10.51,2.33
2022-01-28,1.07,10.79,2.26
2022-02-03,1.08,10.9,2.24
2022-02-04,1.1,11.04,2.21
2022-02-07,1.09,10.94,2.23
2022-02-08,1.09,10.96,2.23
2022-02-09,1.1,11.11,2.2
2022-02-10,1.11,11.2,2.18
2022-02-11,1.1,11.11,2.2
2022-02-14,1.09,10.95,2.23
2022-02-15,1.08,10.87,2.25
2022-02-16,1.1,11.08,2.21
2022-02-17,1.11,11.14,2.19
2022-02-18,1.1,11.11,2.2
2022-02-21,1.1,11.1,2.2
2022-02-22,1.09,10.96,2.23
2022-02-23,1.09,10.99,2.22
2022-02-24,1.06,10.7,2.28
2022-02-25,1.07,10.8,2.26
2022-02-28,1.08,10.91,2.24
2022-03-02,1.08,10.88,2.25
2022-03-03,1.1,11.08,2.21
2022-03-04,1.08,10.91,2.24
2022-03-07,1.06,10.65,2.29
2022-03-08,1.05,10.54,2.32
2022-03-10,1.07,10.8,2.26
2022-03-11,1.07,10.82,2.26
2022-03-14,1.07,10.8,2.26
2022-03-15,1.06,10.69,2.29
2022-03-16,1.07,10.85,2.25
2022-03-17,1.09,11.01,2.22
2022-03-18,1.09,11.03,2.22
2022-03-21,1.08,10.92,2.24
2022-03-22,1.09,11.01,2.22
2022-03-23,1.1,11.11,2.2
2022-03-24,1.1,11.06,2.21
2022-03-25,1.09,11.03,2.22
2022-03-28,1.09,11.02,2.22
2022-03-29,1.1,11.08,2.21
2022-03-30,1.1,11.1,2.2
2022-03-31,1.1,11.13,2.2
2022-04-01,1.1,11.06,2.21
2022-04-04,1.1,11.11,2.2
2022-04-05,1.1,11.11,2.2
2022-04-06,1.09,10.99,2.22
2022-04-07,1.07,10.83,2.26
2022-04-08,1.07,10.84,2.25
2022-04-11,1.07,10.83,2.26
2022-04-12,1.06,10.73,2.28
2022-04-13,1.08,10.93,2.24
2022-04-14,1.08,10.88,2.25
2022-04-15,1.07,10.77,2.27
2022-04-18,1.07,10.77,2.27
2022-04-19,1.08,10.88,2.25
2022-04-20,1.08,10.89,2.24
2022-04-21,1.08,10.93,2.24
2022-04-22,1.07,10.83,2.26
2022-04-25,1.05,10.63,2.3
2022-04-26,1.06,10.68,2.29
2022-04-27,1.05,10.55,2.32
2022-04-28,1.06,10.67,2.29
2022-04-29,1.07,10.82,2.26
2022-05-02,1.05,9.84,2.05
2022-05-03,1.05,9.82,2.05
2022-05-04,1.05,9.84,2.05
2022-05-06,1.03,9.7,2.08
2022-05-09,1.02,9.6,2.1
2022-05-10,1.02,9.56,2.11
2022-05-11,1.02,9.55,2.11
2022-05-12,1.0,9.4,2.15
2022-05-13,1.02,9.61,2.1
2022-05-16,1.02,9.56,2.11
2022-05-17,1.03,9.66,2.09
2022-05-18,1.03,9.68,2.08
2022-05-19,1.02,9.54,2.11
2022-05-20,1.03,9.71,2.08
2022-05-23,1.04,9.74,2.07
2022-05-24,1.02,9.56,2.11
2022-05-25,1.02,9.61,2.1
2022-05-26,1.02,9.57,2.11
2022-05-27,1.03,9.67,2.08
2022-05-30,1.04,9.8,2.06
2022-05-31,1.05,9.86,2.05
2022-06-02,1.04,9.74,2.07
2022-06-03,1.04,9.78,2.06
2022-06-07,1.02,9.61,2.1
2022-06-08,1.03,9.62,2.09
2022-06-09,1.01,10.24,2.09
2022-06-10,1.01,10.17,2.1
2022-06-13,0.97,9.81,2.17
2022-06-14,0.97,9.76,2.18
2022-06-15,0.95,9.58,2.22
2022-06-16,0.95,9.58,2.22
2022-06-17,0.94,9.52,2.24
2022-06-20,0.93,9.35,2.28
2022-06-21,0.93,9.41,2.26
2022-06-22,0.91,9.16,2.32
2022-06-23,0.9,9.08,2.35
2022-06-24,0.92,9.28,2.3
2022-06-27,0.93,9.4,2.27
2022-06-28,0.94,9.49,2.24
2022-06-29,0.92,9.3,2.29
2022-06-30,0.91,9.14,2.33
2022-07-01,0.9,9.04,2.36
2022-07-04,0.9,9.04,2.36
2022-07-05,0.91,9.19,2.32
2022-07-06,0.89,8.99,2.37
2022-07-07,0.91,9.17,2.32
2022-07-08,0.91,9.22,2.31
2022-07-11,0.91,9.17,2.32
2022-07-12,0.9,9.07,2.35
2022-07-13,0.9,9.12,2.34
2022-07-14,0.9,9.08,2.35
2022-07-15,0.91,9.16,2.33
2022-07-18,0.93,9.37,2.27
2022-07-19,0.93,9.34,2.28
2022-07-20,0.93,9.4,2.27
2022-07-21,0.94,9.51,2.24
2022-07-22,0.94,9.44,2.26
2022-07-25,0.94,9.47,2.25
2022-07-26,0.94,9.51,2.24
2022-07-27,0.94,9.51,2.24
2022-07-28,0.95,9.57,2.23
2022-07-29,0.95,9.62,2.21
2022-08-01,0.95,9.61,2.22
2022-08-02,0.95,9.57,2.23
2022-08-03,0.96,9.63,2.21
2022-08-04,0.96,9.68,2.2
2022-08-05,0.97,9.74,2.19
2022-08-08,0.97,9.73,2.19
2022-08-09,0.97,9.76,2.18
2022-08-10,0.96,9.65,2.21
2022-08-11,0.97,9.81,2.17
2022-08-12,0.98,9.84,2.17
2022-08-16,0.98,9.87,2.16
2022-08-17,0.97,9.81,2.17
2022-08-18,0.97,9.78,2.18
2022-08-19,0.96,9.72,2.19
2022-08-22,0.95,9.6,2.22
2022-08-23,0.94,9.48,2.25
2022-08-24,0.94,9.51,2.24
2022-08-25,0.95,9.63,2.21
2022-08-26,0.96,9.63,2.21
2022-08-29,0.93,9.41,2.26
2022-08-30,0.94,9.5,2.24
2022-08-31,0.95,9.61,2.22
2022-09-01,0.93,9.37,2.27
2022-09-02,0.92,9.31,2.29
2022-09-05,0.92,9.29,2.29
2022-09-06,0.92,9.31,2.29
2022-09-07,0.91,9.16,2.33
2022-09-08,0.91,9.19,2.32
2022-09-13,0.94,9.47,2.25
2022-09-14,0.92,9.3,2.29
2022-09-15,0.92,9.24,2.31
2022-09-16,0.89,8.87,2.32
2022-09-19,0.88,8.81,2.34
2022-09-20,0.89,8.84,2.33
2022-09-21,0.88,8.76,2.35
2022-09-22,0.87,8.67,2.37
2022-09-23,0.86,8.56,2.41
2022-09-26,0.83,8.33,2.47
2022-09-27,0.84,8.34,2.47
2022-09-28,0.82,8.14,2.53
2022-09-29,0.81,8.13,2.53
2022-09-30,0.81,8.09,2.55
2022-10-04,0.83,8.29,2.48
2022-10-05,0.83,8.31,2.48
2022-10-06,0.84,8.37,2.46
2022-10-07,0.84,8.35,2.47
2022-10-11,0.82,8.19,2.51
2022-10-12,0.83,8.25,2.5
2022-10-13,0.81,8.12,2.54
2022-10-14,0.83,8.32,2.48
2022-10-17,0.83,8.32,2.47
2022-10-18,0.84,8.44,2.44
2022-10-19,0.84,8.37,2.46
2022-10-20,0.83,8.3,2.48
2022-10-21,0.83,8.3,2.48
2022-10-24,0.84,8.38,2.46
2022-10-25,0.84,8.38,2.46
2022-10-26,0.85,8.45,2.44
2022-10-27,0.86,8.59,2.4
2022-10-28,0.85,8.48,2.43
2022-10-31,0.86,8.61,2.39
2022-11-01,0.87,8.74,2.36
2022-11-02,0.87,8.73,2.36
2022-11-03,0.87,8.67,2.37
2022-11-04,0.88,8.75,2.35
2022-11-07,0.89,8.85,2.33
2022-11-08,0.9,8.97,2.3
2022-11-09,0.91,9.06,2.27
2022-11-10,0.9,8.94,2.3
2022-11-11,0.93,9.29,2.22
2022-11-14,0.93,9.24,2.23
2022-11-15,0.93,9.26,2.22
2022-11-16,0.93,9.26,2.22
2022-11-17,0.91,9.11,2.26
2022-11-18,0.91,9.12,2.26
2022-11-21,0.91,9.05,2.28
2022-11-22,0.9,8.97,2.29
2022-11-23,0.9,9.03,2.28
2022-11-24,0.91,9.12,2.26
2022-11-25,0.91,9.09,2.27
2022-11-28,0.9,8.98,2.29
2022-11-29,0.91,9.08,2.27
2022-11-30,0.92,9.23,2.23
2022-12-01,0.93,9.26,2.22
2022-12-02,0.91,9.06,2.27
2022-12-05,0.9,9.03,2.28
2022-12-06,0.89,8.92,2.31
2022-12-07,0.89,8.86,2.32
2022-12-08,0.89,8.86,2.32
2022-12-09,0.9,9.0,2.29
2022-12-12,0.89,8.94,2.3
2022-12-13,0.89,8.94,2.3
2022-12-14,0.9,9.05,2.28
2022-12-15,0.89,8.89,2.32
2022-12-16,0.86,9.88,2.32
2022-12-19,0.86,9.86,2.32
2022-12-20,0.85,9.77,2.34
2022-12-21,0.85,9.74,2.35
2022-12-22,0.86,9.88,2.32
2022-12-23,0.84,9.71,2.36
2022-12-26,0.84,9.71,2.36
2022-12-27,0.85,9.78,2.34
2022-12-28,0.83,9.55,2.4
2022-12-29,0.81,9.36,2.45
2023-01-02,0.81,9.31,2.46
2023-01-03,0.81,9.31,2.46
2023-01-04,0.83,9.51,2.41
2023-01-05,0.83,9.57,2.39
2023-01-06,0.84,9.69,2.36
2023-01-09,0.86,9.95,2.3
2023-01-10,0.86,9.95,2.3
2023-01-11,0.87,9.98,2.3
2023-01-12,0.87,9.99,2.29
2023-01-13,0.88,10.09,2.27
2023-01-16,0.88,10.16,2.26
2023-01-17,0.88,10.08,2.27
2023-01-18,0.87,10.03,2.29
2023-01-19,0.88,10.09,2.27
2023-01-20,0.88,10.15,2.26
2023-01-25,0.9,10.31,2.22
2023-01-26,0.91,10.47,2.19
2023-01-27,0.92,10.55,2.17
2023-01-30,0.9,10.36,2.21
2023-01-31,0.88,10.19,2.25
2023-02-01,0.89,10.31,2.22
2023-02-02,0.9,10.4,2.21
2023-02-03,0.91,10.46,2.19
2023-02-06,0.89,10.24,2.24
2023-02-07,0.89,10.29,2.23
2023-02-08,0.91,10.45,2.19
2023-02-09,0.9,10.43,2.2
2023-02-10,0.9,10.39,2.21
2023-02-13,0.9,10.33,2.22
2023-02-14,0.9,10.39,2.21
2023-02-15,0.89,10.21,2.25
2023-02-16,0.9,10.41,2.2
2023-02-17,0.89,10.3,2.23
2023-02-20,0.9,10.33,2.22
2023-02-21,0.9,10.32,2.22
2023-02-22,0.88,10.14,2.26
2023-02-23,0.89,10.26,2.24
2023-02-24,0.88,10.17,2.25
2023-02-27,0.87,10.08,2.28
2023-02-28,0.88,10.1,2.27
2023-03-02,0.88,10.15,2.26
2023-03-03,0.88,10.15,2.26
2023-03-06,0.89,10.3,2.23
2023-03-07,0.89,10.26,2.23
2023-03-08,0.88,10.12,2.27
2023-03-09,0.87,10.08,2.28
2023-03-10,0.87,9.97,2.3
2023-03-13,0.87,10.05,2.28
2023-03-14,0.85,9.81,2.34
2023-03-15,0.86,9.92,2.31
2023-03-16,0.86,9.9,2.32
2023-03-17,0.87,10.02,2.29
2023-03-20,0.86,9.93,2.31
2023-03-21,0.86,9.96,2.3
2023-03-22,0.87,10.08,2.28
2023-03-23,0.88,10.13,2.26
2023-03-24,0.88,10.09,2.27
2023-03-27,0.87,10.04,2.28
2023-03-28,0.88,10.15,2.26
2023-03-29,0.88,10.18,2.25
2023-03-30,0.89,10.21,2.25
2023-03-31,0.9,10.34,2.22
2023-04-03,0.89,10.28,2.24
2023-04-04,0.89,10.32,2.23
2023-04-05,0.9,10.38,2.21
2023-04-06,0.88,10.2,2.25
2023-04-07,0.9,10.37,2.22
2023-04-10,0.91,10.47,2.2
2023-04-11,0.92,10.61,2.17
2023-04-12,0.92,10.65,2.16
2023-04-13,0.93,10.68,2.15
2023-04-14,0.93,10.7,2.15
2023-04-17,0.93,10.71,2.14
2023-04-18,0.93,10.7,2.15
2023-04-19,0.93,10.71,2.15
2023-04-20,0.93,10.67,2.15
2023-04-21,0.92,10.61,2.16
2023-04-24,0.91,10.54,2.18
2023-04-25,0.9,10.41,2.21
2023-04-26,0.9,10.39,2.21
2023-04-27,0.9,10.43,2.2
2023-04-28,0.91,10.47,2.19
2023-05-02,0.92,11.26,2.19
2023-05-03,0.92,11.18,2.21
2023-05-04,0.92,11.16,2.21
2023-05-08,0.92,11.26,2.19
2023-05-09,0.92,11.23,2.2
2023-05-10,0.92,11.16,2.21
2023-05-11,0.91,11.13,2.22
2023-05-12,0.91,11.08,2.23
2023-05-15,0.91,11.1,2.22
2023-05-16,0.91,11.13,2.22
2023-05-17,0.92,11.18,2.21
2023-05-18,0.93,11.29,2.19
2023-05-19,0.94,11.44,2.16
2023-05-22,0.95,11.51,2.15
2023-05-23,0.95,11.54,2.14
2023-05-24,0.95,11.52,2.14
2023-05-25,0.94,11.48,2.15
2023-05-26,0.95,11.54,2.14
2023-05-30,0.96,11.69,2.11
2023-05-31,0.95,11.6,2.13
2023-06-01,0.95,11.56,2.14
2023-06-02,0.96,11.72,2.11
2023-06-05,0.97,11.76,2.1
2023-06-07,0.96,11.74,2.1
2023-06-08,0.96,11.72,2.11
2023-06-09,0.94,14.14,2.07
2023-06-12,0.94,14.05,2.09
2023-06-13,0.94,14.14,2.08
2023-06-14,0.94,14.06,2.09
2023-06-15,0.93,14.0,2.1
2023-06-16,0.94,14.08,2.08
2023-06-19,0.93,13.99,2.1
2023-06-20,0.93,13.97,2.1
2023-06-21,0.92,13.85,2.12
2023-06-22,0.93,13.92,2.11
2023-06-23,0.92,13.81,2.12
2023-06-26,0.93,13.89,2.11
2023-06-27,0.93,13.89,2.11
2023-06-28,0.92,13.81,2.12
2023-06-29,0.92,13.72,2.14
2023-06-30,0.92,13.79,2.13
2023-07-03,0.93,14.0,2.09
2023-07-04,0.93,13.94,2.1
2023-07-05,0.92,13.83,2.12
2023-07-06,0.92,13.72,2.14
2023-07-07,0.9,13.53,2.17
2023-07-10,0.9,13.5,2.17
2023-07-11,0.92,13.75,2.13
2023-07-12,0.92,13.85,2.12
2023-07-13,0.93,13.92,2.11
2023-07-14,0.94,14.15,2.07
2023-07-17,0.94,14.11,2.08
2023-07-18,0.94,14.01,2.09
2023-07-19,0.93,14.0,2.09
2023-07-20,0.93,13.94,2.1
2023-07-21,0.93,13.97,2.1
2023-07-24,0.94,14.05,2.09
2023-07-25,0.94,14.07,2.08
2023-07-26,0.93,13.89,2.11
2023-07-27,0.94,14.07,2.08
2023-07-28,0.94,14.04,2.09
2023-07-31,0.94,14.1,2.08
2023-08-01,0.96,14.32,2.05
2023-08-02,0.94,14.03,2.09
2023-08-03,0.93,13.94,2.1
2023-08-04,0.93,13.94,2.1
2023-08-07,0.93,13.87,2.11
2023-08-08,0.92,13.8,2.12
2023-08-09,0.93,13.95,2.1
2023-08-10,0.93,13.9,2.11
2023-08-11,0.92,13.84,2.12
2023-08-14,0.92,13.74,2.13
2023-08-16,0.9,13.53,2.17
2023-08-17,0.9,13.49,2.17
2023-08-18,0.9,13.41,2.19
2023-08-21,0.9,13.43,2.18
2023-08-22,0.9,13.47,2.18
2023-08-23,0.9,13.44,2.18
2023-08-24,0.91,13.63,2.15
2023-08-25,0.9,13.49,2.17
2023-08-28,0.91,13.58,2.16
2023-08-29,0.91,13.63,2.15
2023-08-30,0.91,13.68,2.14
2023-08-31,0.91,13.67,2.14
2023-09-01,0.92,13.82,2.12
2023-09-04,0.93,13.93,2.1
2023-09-05,0.93,13.9,2.11
2023-09-06,0.92,13.8,2.12
2023-09-07,0.92,13.75,2.13
2023-09-08,0.92,13.74,2.13
2023-09-11,0.92,13.79,2.13
2023-09-12,0.91,13.7,2.14
2023-09-13,0.92,13.72,2.14
2023-09-14,0.93,13.93,2.1
2023-09-15,0.94,14.09,2.08
2023-09-18,0.93,13.91,2.11
2023-09-19,0.91,17.18,2.12
2023-09-20,0.91,17.18,2.12
2023-09-21,0.9,16.89,2.16
2023-09-22,0.9,16.84,2.16
2023-09-25,0.89,16.82,2.16
2023-09-26,0.88,16.58,2.2
2023-09-27,0.88,16.57,2.2
2023-10-04,0.86,16.21,2.25
2023-10-05,0.86,16.16,2.25
2023-10-06,0.86,16.18,2.25
2023-10-10,0.86,16.19,2.25
2023-10-11,0.88,16.48,2.21
2023-10-12,0.89,16.69,2.18
2023-10-13,0.88,16.54,2.2
2023-10-16,0.87,16.41,2.22
2023-10-17,0.88,16.62,2.19
2023-10-18,0.89,16.69,2.18
2023-10-19,0.87,16.38,2.22
2023-10-20,0.86,16.14,2.26
2023-10-23,0.85,16.01,2.27
2023-10-24,0.86,16.16,2.25
2023-10-25,0.85,16.06,2.27
2023-10-26,0.83,15.62,2.33
2023-10-27,0.83,15.66,2.33
2023-10-30,0.83,15.68,2.32
2023-10-31,0.82,15.5,2.35
2023-11-01,0.84,15.72,2.32
2023-11-02,0.85,15.99,2.28
2023-11-03,0.86,16.15,2.25
2023-11-06,0.9,16.96,2.15
2023-11-07,0.88,16.61,2.19
2023-11-08,0.87,16.44,2.21
2023-11-09,0.88,16.51,2.21
2023-11-10,0.88,16.63,2.21
2023-11-13,0.87,16.61,2.21
2023-11-14,0.88,16.77,2.19
2023-11-15,0.9,17.15,2.14
2023-11-16,0.9,17.17,2.14
2023-11-17,0.9,17.05,2.15
2023-11-20,0.9,17.16,2.14
2023-11-21,0.91,17.28,2.12
2023-11-22,0.91,17.29,2.12
2023-11-23,0.91,17.3,2.12
2023-11-24,0.9,17.15,2.14
2023-11-27,0.9,17.13,2.14
2023-11-28,0.91,17.33,2.12
2023-11-29,0.91,17.28,2.12
2023-11-30,0.92,17.38,2.11
2023-12-01,0.91,17.19,2.13
2023-12-04,0.91,17.26,2.13
2023-12-05,0.9,17.09,2.15
2023-12-06,0.9,17.12,2.14
2023-12-07,0.9,17.08,2.15
2023-12-08,0.91,17.28,2.12
2023-12-11,0.91,17.35,2.12
2023-12-12,0.92,17.45,2.1
2023-12-13,0.91,17.28,2.12
2023-12-14,0.92,17.52,2.09
2023-12-15,0.94,17.84,2.05
2023-12-18,0.94,17.81,2.06
2023-12-19,0.94,17.84,2.05
2023-12-20,0.94,18.13,2.02
2023-12-21,0.94,18.06,2.03
2023-12-22,0.94,18.08,2.02
2023-12-26,0.94,18.15,2.02
2023-12-27,0.95,18.25,2.0
2023-12-28,0.96,18.54,1.97
2024-01-02,0.97,18.67,1.96
2024-01-03,0.95,18.19,2.01
2024-01-04,0.94,18.03,2.03
2024-01-05,0.94,17.98,2.03
2024-01-08,0.93,17.9,2.04
2024-01-09,0.93,17.81,2.05
2024-01-10,0.92,17.64,2.07
2024-01-11,0.92,17.62,2.08
2024-01-12,0.91,17.51,2.09
2024-01-15,0.91,17.56,2.08
2024-01-16,0.9,17.33,2.11
2024-01-17,0.88,16.88,2.17
2024-01-18,0.88,16.93,2.16
2024-01-19,0.9,17.24,2.12
2024-01-22,0.9,17.22,2.12
2024-01-23,0.9,17.34,2.11
2024-01-24,0.9,17.25,2.12
2024-01-25,0.9,17.29,2.12
2024-01-26,0.9,17.32,2.11
2024-01-29,0.91,17.5,2.09
2024-01-30,0.91,17.49,2.09
2024-01-31,0.91,17.43,2.1
2024-02-01,0.92,17.75,2.06
2024-02-02,0.95,18.32,2.0
2024-02-05,0.94,18.09,2.02
2024-02-06,0.94,18.02,2.03
2024-02-07,0.95,18.25,2.0
2024-02-08,0.95,18.31,2.0
2024-02-13,0.96,18.52,1.98
2024-02-14,0.95,18.28,2.0
2024-02-15,0.95,18.2,2.01
2024-02-16,0.96,18.42,1.99
2024-02-19,0.97,18.7,1.96
2024-02-20,0.96,18.5,1.98
2024-02-21,0.96,18.45,1.98
2024-02-22,0.96,18.53,1.97
2024-02-23,0.97,18.58,1.97
2024-02-26,0.96,18.42,1.99
2024-02-27,0.95,18.28,2.0
2024-02-28,0.96,18.49,1.98
2024-02-29,0.96,18.42,1.99
2024-03-04,0.97,18.71,1.96
2024-03-05,0.96,18.53,1.97
2024-03-06,0.96,18.45,1.98
2024-03-07,0.96,18.48,1.98
2024-03-08,0.97,18.74,1.95
2024-03-11,0.97,18.56,1.97
2024-03-12,0.97,18.7,1.96
2024-03-13,0.98,18.8,1.95
2024-03-14,0.99,18.99,1.93
2024-03-15,0.97,18.66,1.96
2024-03-18,0.98,18.75,1.95
2024-03-19,0.97,18.55,1.97
2024-03-20,0.98,18.86,1.94
2024-03-21,1.01,19.4,1.89
2024-03-22,1.01,19.34,1.89
2024-03-25,1.0,19.24,1.9
2024-03-26,1.01,19.44,1.88
2024-03-27,1.01,19.42,1.88
2024-03-28,1.01,19.37,1.89
2024-03-29,1.01,19.45,1.88
2024-04-01,1.01,19.43,1.88
2024-04-02,1.02,19.53,1.87
2024-04-03,1.0,19.19,1.91
2024-04-04,1.01,19.5,1.88
2024-04-05,1.0,19.28,1.9
2024-04-08,1.01,19.33,1.89
2024-04-09,1.0,19.22,1.9
2024-04-11,1.0,19.24,1.9
2024-04-12,0.99,19.05,1.92
2024-04-15,0.99,18.95,1.93
2024-04-16,0.96,18.5,1.98
2024-04-17,0.95,18.3,2.0
2024-04-18,0.97,18.62,1.96
2024-04-19,0.95,18.29,2.0
2024-04-22,0.96,18.51,1.98
2024-04-23,0.96,18.46,1.98
2024-04-24,0.98,18.85,1.94
2024-04-25,0.96,18.48,1.98
2024-04-26,0.97,18.72,1.95
2024-04-29,0.98,18.9,1.94
2024-04-30,0.99,18.93,1.93
2024-05-02,0.98,21.15,1.99
2024-05-03,0.98,21.11,2.0
2024-05-07,1.0,21.64,1.95
2024-05-08,1.0,21.72,1.94
2024-05-09,0.99,21.41,1.97
2024-05-10,1.0,21.53,1.96
2024-05-13,1.0,21.52,1.96
2024-05-14,1.0,21.53,1.96
2024-05-16,1.01,21.73,1.94
2024-05-17,0.99,21.5,1.96
2024-05-20,1.0,21.68,1.94
2024-05-21,1.0,21.55,1.96
2024-05-22,1.0,21.55,1.96
2024-05-23,1.0,21.56,1.95
2024-05-24,0.98,21.24,1.98
2024-05-27,1.0,21.53,1.96
2024-05-28,1.0,21.54,1.96
2024-05-29,0.98,21.17,1.99
2024-05-30,0.96,20.81,2.03
2024-05-31,0.96,20.78,2.03
2024-06-03,0.98,21.2,1.99
2024-06-04,0.97,21.03,2.0
2024-06-05,0.98,21.25,1.98
2024-06-07,1.0,21.54,1.96
2024-06-10,0.99,21.31,1.98
2024-06-11,0.99,21.33,1.98
2024-06-12,1.0,21.52,1.96
2024-06-13,1.01,21.73,1.94
2024-06-14,1.02,22.05,1.91
2024-06-17,1.0,18.53,1.92
2024-06-18,1.01,18.72,1.9
2024-06-19,1.02,18.98,1.87
2024-06-20,1.03,19.07,1.86
2024-06-21,1.02,18.88,1.88
2024-06-24,1.01,18.75,1.9
2024-06-25,1.01,18.82,1.89
2024-06-26,1.02,18.98,1.87
2024-06-27,1.02,18.94,1.88
2024-06-28,1.03,19.03,1.87
2024-07-01,1.03,19.05,1.87
2024-07-02,1.02,18.89,1.88
2024-07-03,1.02,18.99,1.87
2024-07-04,1.04,19.26,1.85
2024-07-05,1.06,19.6,1.81
2024-07-08,1.05,19.55,1.82
2024-07-09,1.06,19.61,1.81
2024-07-10,1.06,19.61,1.81
2024-07-11,1.06,19.75,1.8
2024-07-12,1.05,19.44,1.83
2024-07-15,1.05,19.52,1.82
2024-07-16,1.06,19.6,1.81
2024-07-17,1.05,19.41,1.83
2024-07-18,1.04,19.28,1.84
2024-07-19,1.03,19.03,1.87
2024-07-22,1.01,18.83,1.89
2024-07-23,1.02,18.92,1.88
2024-07-24,1.01,18.77,1.89
2024-07-25,0.99,18.4,1.93
2024-07-26,1.0,18.55,1.92
2024-07-29,1.01,18.77,1.89
2024-07-30,1.0,18.58,1.91
2024-07-31,1.02,18.86,1.88
2024-08-01,1.02,18.86,1.88
2024-08-02,0.98,18.1,1.96
2024-08-05,0.89,16.45,2.16
2024-08-06,0.91,16.94,2.1
2024-08-07,0.93,17.3,2.05
2024-08-08,0.93,17.18,2.07
2024-08-09,0.94,17.42,2.04
2024-08-12,0.95,17.63,2.02
2024-08-13,0.95,17.7,2.01
2024-08-14,0.96,17.86,1.99
2024-08-16,0.99,18.29,1.94
2024-08-19,0.98,18.12,1.96
2024-08-20,0.99,18.29,1.94
2024-08-21,0.98,18.25,1.95
2024-08-22,0.99,18.29,1.94
2024-08-23,0.98,18.23,1.95
2024-08-26,0.98,18.15,1.96
2024-08-27,0.97,18.06,1.97
2024-08-28,0.98,18.09,1.96
2024-08-29,0.96,17.84,1.99
2024-08-30,0.97,17.91,1.98
2024-09-02,0.97,17.94,1.98
2024-09-03,0.96,17.77,2.0
2024-09-04,0.93,17.17,2.07
2024-09-05,0.92,17.12,2.08
2024-09-06,0.91,16.94,2.1
2024-09-09,0.91,16.84,2.11
2024-09-10,0.9,16.75,2.12
2024-09-11,0.9,16.61,2.14
2024-09-12,0.92,17.02,2.09
2024-09-13,0.92,17.01,2.09
2024-09-19,0.89,13.81,2.09
2024-09-20,0.9,13.87,2.08
2024-09-23,0.9,13.91,2.08
2024-09-24,0.91,14.06,2.05
2024-09-25,0.9,13.86,2.08
2024-09-26,0.93,14.34,2.01
2024-09-27,0.92,14.24,2.03
2024-09-30,0.9,13.87,2.08
2024-10-02,0.89,13.71,2.11
2024-10-04,0.89,13.75,2.1
2024-10-07,0.9,13.97,2.07
2024-10-08,0.9,13.84,2.09
2024-10-10,0.9,13.88,2.08
2024-10-11,0.9,13.89,2.08
2024-10-14,0.91,14.06,2.05
2024-10-15,0.91,14.12,2.05
2024-10-16,0.9,13.96,2.07
2024-10-17,0.9,13.98,2.07
2024-10-18,0.9,13.89,2.08
2024-10-21,0.9,13.94,2.07
2024-10-22,0.89,13.76,2.1
2024-10-23,0.9,13.93,2.07
2024-10-24,0.89,13.79,2.1
2024-10-25,0.89,13.81,2.09
2024-10-28,0.9,13.96,2.07
2024-10-29,0.91,14.0,2.06
2024-10-30,0.9,13.87,2.08
2024-10-31,0.88,13.64,2.12
2024-11-01,0.88,13.57,2.13
2024-11-04,0.89,13.81,2.09
2024-11-05,0.89,13.73,2.1
2024-11-06,0.89,13.69,2.11
2024-11-07,0.89,13.7,2.11
2024-11-08,0.88,13.66,2.12
2024-11-11,0.87,13.45,2.15
2024-11-12,0.85,13.16,2.2
2024-11-13,0.83,12.84,2.25
2024-11-14,0.83,12.79,2.26
2024-11-15,0.84,12.9,2.24
2024-11-18,0.86,13.22,2.19
2024-11-19,0.85,13.21,2.19
2024-11-20,0.86,13.25,2.18
2024-11-21,0.86,13.27,2.18
2024-11-22,0.87,13.39,2.16
2024-11-25,0.88,13.55,2.13
2024-11-26,0.88,13.51,2.14
2024-11-27,0.87,13.38,2.16
2024-11-28,0.87,13.35,2.16
2024-11-29,0.85,13.1,2.2
2024-12-02,0.85,13.1,2.2
2024-12-03,0.87,13.35,2.16
2024-12-04,0.85,13.15,2.2
2024-12-05,0.85,13.04,2.21
2024-12-06,0.84,12.97,2.23
2024-12-09,0.82,12.63,2.29
2024-12-10,0.84,12.92,2.24
2024-12-11,0.85,13.04,2.21
2024-12-12,0.86,13.25,2.18
2024-12-13,0.86,13.26,2.17
2024-12-16,0.86,13.22,2.18
2024-12-17,0.85,13.05,2.21
2024-12-18,0.86,13.23,2.18
2024-12-19,0.84,11.66,2.23
2024-12-20,0.83,11.52,2.25
2024-12-23,0.84,11.69,2.22
2024-12-24,0.84,11.7,2.22
2024-12-26,0.83,11.63,2.23
2024-12-27,0.83,11.54,2.25
2024-12-30,0.82,11.5,2.26
2025-01-02,0.82,11.49,2.26
2025-01-03,0.84,11.72,2.21
2025-01-06,0.86,11.99,2.16
2025-01-07,0.86,11.97,2.17
2025-01-08,0.87,12.11,2.14
2025-01-09,0.87,12.13,2.14
2025-01-10,0.87,12.1,2.14
2025-01-13,0.86,11.95,2.17
2025-01-14,0.86,11.96,2.17
2025-01-15,0.86,11.97,2.17
2025-01-16,0.87,12.14,2.14
2025-01-17,0.87,12.12,2.14
2025-01-20,0.87,12.07,2.15
2025-01-21,0.87,12.09,2.15
2025-01-22,0.88,12.25,2.12
2025-01-23,0.87,12.1,2.15
2025-01-24,0.87,12.18,2.13
2025-01-31,0.86,12.05,2.15
2025-02-03,0.84,11.74,2.21
2025-02-04,0.85,11.89,2.18
2025-02-05,0.86,12.02,2.16
2025-02-06,0.87,12.17,2.13
2025-02-07,0.87,12.07,2.15
2025-02-10,0.87,12.09,2.15
2025-02-11,0.87,12.17,2.13
2025-02-12,0.87,12.19,2.13
2025-02-13,0.88,12.32,2.11
2025-02-14,0.89,12.39,2.1
2025-02-17,0.89,12.47,2.08
2025-02-18,0.9,12.57,2.06
2025-02-19,0.92,12.81,2.03
2025-02-20,0.91,12.73,2.04
2025-02-21,0.91,12.71,2.04
2025-02-24,0.91,12.64,2.05
2025-02-25,0.9,12.56,2.07
2025-02-26,0.9,12.62,2.06
2025-02-27,0.9,12.52,2.07
2025-02-28,0.87,12.07,2.15
2025-03-04,0.87,12.07,2.15
2025-03-05,0.87,12.16,2.13
2025-03-06,0.88,12.25,2.12
2025-03-07,0.87,12.18,2.13
2025-03-10,0.87,12.2,2.13
2025-03-11,0.86,12.06,2.15
2025-03-12,0.88,12.27,2.11
2025-03-13,0.88,12.29,2.11
2025-03-14,0.88,12.26,2.11
2025-03-17,0.9,12.53,2.07
2025-03-18,0.9,12.52,2.07
2025-03-19,0.91,12.62,2.05
2025-03-20,0.91,12.72,2.04
2025-03-21,0.92,12.78,2.03
2025-03-24,0.91,12.71,2.04
2025-03-25,0.91,12.63,2.05
2025-03-26,0.92,12.77,2.03
2025-03-27,0.9,12.6,2.06
2025-03-28,0.89,12.34,2.1
2025-03-31,0.86,11.96,2.17
2025-04-01,0.87,12.17,2.13
2025-04-02,0.87,12.1,2.14
2025-04-03,0.86,11.98,2.16
2025-04-04,0.85,11.83,2.19
2025-04-07,0.8,11.14,2.33
2025-04-08,0.8,11.15,2.32
2025-04-09,0.79,10.96,2.37
2025-04-10,0.84,11.71,2.22
2025-04-11,0.83,11.6,2.23
2025-04-14,0.84,11.71,2.21
2025-04-15,0.85,11.81,2.2
2025-04-16,0.84,11.64,2.23
2025-04-17,0.84,11.74,2.21
2025-04-18,0.85,11.82,2.19
2025-04-21,0.85,11.85,2.19
2025-04-22,0.85,11.83,2.19
2025-04-23,0.86,12.02,2.16
2025-04-24,0.86,12.01,2.16
2025-04-25,0.87,12.12,2.14
2025-04-28,0.87,12.13,2.14
2025-04-29,0.87,12.2,2.13
2025-04-30,0.87,12.19,2.13
2025-05-02,0.85,11.03,2.35
2025-05-07,0.85,11.12,2.33
2025-05-08,0.85,11.12,2.33
2025-05-09,0.85,11.12,2.33
2025-05-12,0.87,11.3,2.3
2025-05-13,0.87,11.32,2.29
2025-05-14,0.88,11.47,2.26
2025-05-15,0.87,11.39,2.28
2025-05-16,0.88,11.42,2.27
2025-05-19,0.87,11.3,2.3
2025-05-20,0.87,11.31,2.29
2025-05-21,0.87,11.38,2.28
2025-05-22,0.86,11.25,2.31
2025-05-23,0.86,11.27,2.3
2025-05-26,0.88,11.49,2.26
2025-05-27,0.88,11.46,2.26
2025-05-28,0.89,11.63,2.23
2025-05-29,0.91,11.85,2.19
2025-05-30,0.9,11.74,2.21
2025-06-02,0.9,11.74,2.21
2025-06-04,0.92,12.07,2.15
2025-06-05,0.94,12.28,2.11
2025-06-09,0.96,12.49,2.08
2025-06-10,0.96,12.54,2.07
2025-06-11,0.97,12.71,2.04
2025-06-12,0.96,11.71,2.04
2025-06-13,0.96,11.63,2.05
2025-06-16,0.98,11.84,2.01
2025-06-17,0.98,11.87,2.0
2025-06-18,0.99,11.98,1.99
2025-06-19,0.99,11.99,1.98
2025-06-20,1.0,12.17,1.95
2025-06-23,1.0,12.14,1.96
2025-06-24,1.03,12.55,1.9
2025-06-25,1.04,12.6,1.89
2025-06-26,1.03,12.49,1.91
2025-06-27,1.02,12.4,1.92
2025-06-30,1.03,12.45,1.91
2025-07-01,1.03,12.5,1.9
2025-07-02,1.03,12.45,1.91
2025-07-03,1.04,12.64,1.88
2025-07-04,1.02,12.4,1.92
2025-07-07,1.02,12.4,1.92
2025-07-08,1.04,12.65,1.88
2025-07-09,1.04,12.68,1.88
2025-07-10,1.06,12.87,1.85
2025-07-11,1.06,12.86,1.85
2025-07-14,1.07,12.98,1.83
2025-07-15,1.08,13.05,1.82
2025-07-16,1.07,12.94,1.84
2025-07-17,1.07,12.96,1.84
2025-07-18,1.07,12.94,1.84
2025-07-21,1.08,13.05,1.82
2025-07-22,1.06,12.85,1.85
2025-07-23,1.06,12.91,1.84
2025-07-24,1.06,12.91,1.84
2025-07-25,1.07,12.93,1.84
2025-07-28,1.07,13.01,1.83
2025-07-29,1.08,13.09,1.82
2025-07-30,1.09,13.2,1.8
2025-07-31,1.09,13.17,1.81
2025-08-01,1.04,12.63,1.88
2025-08-04,1.05,12.75,1.87
2025-08-05,1.07,12.95,1.84
2025-08-06,1.07,12.93,1.84
2025-08-07,1.08,13.07,1.82
2025-08-08,1.07,13.01,1.83
2025-08-11,1.07,13.01,1.83
2025-08-12,1.07,12.96,1.84
2025-08-13,1.08,13.12,1.81
2025-08-14,1.08,13.11,1.82
2025-08-18,1.06,12.88,1.85
2025-08-19,1.05,12.79,1.86
2025-08-20,1.05,12.72,1.87
2025-08-21,1.05,12.74,1.87
2025-08-22,1.06,12.86,1.85
2025-08-25,1.07,13.02,1.83
2025-08-26,1.06,12.89,1.85
2025-08-27,1.06,12.92,1.84
2025-08-28,1.07,12.96,1.84
2025-08-29,1.06,12.91,1.84
2025-09-01,1.05,12.7,1.87
2025-09-02,1.06,12.85,1.85
2025-09-03,1.06,12.92,1.84
2025-09-04,1.07,12.97,1.83
2025-09-05,1.07,13.0,1.83
2025-09-08,1.08,13.06,1.82
2025-09-09,1.09,13.25,1.8
2025-09-10,1.11,13.51,1.76
2025-09-11,1.12,13.63,1.75
2025-09-12,1.14,13.89,1.71
2025-09-15,1.15,13.95,1.71
2025-09-16,1.16,14.29,1.68
2025-09-17,1.15,14.12,1.7
2025-09-18,1.17,14.37,1.67
2025-09-19,1.17,14.31,1.67
2025-09-22,1.18,14.46,1.66
2025-09-23,1.18,14.55,1.65
2025-09-24,1.18,14.52,1.65
2025-09-25,1.18,14.53,1.65
2025-09-26,1.15,14.15,1.69
2025-09-29,1.17,14.36,1.67
2025-09-30,1.17,14.32,1.67
2025-10-01,1.18,14.48,1.65
2025-10-02,1.21,14.9,1.61
2025-10-10,1.25,15.31,1.56
2025-10-13,1.23,15.16,1.58
2025-10-14,1.22,15.01,1.6
2025-10-15,1.26,15.42,1.55
2025-10-16,1.29,15.84,1.51
2025-10-17,1.29,15.87,1.51
2025-10-20,1.32,16.17,1.48
2025-10-21,1.32,16.17,1.48
2025-10-22,1.33,16.38,1.46
2025-10-23,1.32,16.19,1.48
2025-10-24,1.35,16.61,1.44
2025-10-27,1.39,17.08,1.4
2025-10-28,1.38,16.89,1.42
2025-10-29,1.4,17.26,1.39
2025-10-30,1.41,17.37,1.38
2025-10-31,1.42,17.5,1.37
2025-11-03,1.47,18.09,1.32
2025-11-04,1.43,17.57,1.36
2025-11-05,1.39,17.07,1.4
2025-11-06,1.4,17.16,1.4
2025-11-07,1.37,16.85,1.42
2025-11-10,1.41,17.37,1.38
2025-11-11,1.43,17.56,1.36
2025-11-12,1.44,17.72,1.35
2025-11-13,1.45,17.78,1.35
2025-11-14,1.39,17.02,1.41
2025-11-17,1.42,17.41,1.38
2025-11-18,1.37,16.8,1.43
2025-11-19,1.36,16.69,1.44
2025-11-20,1.39,17.04,1.41
2025-11-21,1.33,16.32,1.47
2025-11-24,1.33,16.33,1.47
2025-11-25,1.34,16.44,1.46
2025-11-26,1.37,16.89,1.42
2025-11-27,1.38,16.99,1.41
2025-11-28,1.36,16.71,1.43
2025-12-01,1.36,16.71,1.43
2025-12-02,1.39,17.06,1.4
2025-12-03,1.4,17.21,1.39
2025-12-04,1.4,17.18,1.4
2025-12-05,1.43,17.51,1.37
2025-12-08,1.45,17.76,1.35
2025-12-09,1.44,17.66,1.36
2025-12-10,1.44,17.65,1.36
2025-12-11,1.42,17.49,1.37
2025-12-12,1.46,17.94,1.34
2025-12-15,1.43,17.53,1.37
2025-12-16,1.33,15.44,1.4
2025-12-17,1.36,15.75,1.37
2025-12-18,1.34,15.56,1.39
2025-12-19,1.35,15.63,1.38
2025-12-22,1.39,16.03,1.35
2025-12-23,1.39,16.08,1.34
2025-12-24,1.39,16.07,1.35
2025-12-26,1.4,16.23,1.33
2025-12-29,1.44,16.66,1.3
2025-12-30,1.44,16.67,1.3
2026-01-02,1.49,17.17,1.26
2026-01-05,1.54,17.85,1.21
2026-01-06,1.57,18.14,1.19
2026-01-07,1.58,18.28,1.18
2026-01-08,1.58,18.27,1.18
2026-01-09,1.59,18.39,1.18
2026-01-12,1.6,18.52,1.17
2026-01-13,1.62,18.74,1.15
2026-01-14,1.63,18.88,1.15
2026-01-15,1.66,19.17,1.13
2026-01-16,1.68,19.4,1.11
2026-01-19,1.7,19.66,1.1
2026-01-20,1.69,19.5,1.11
2026-01-21,1.7,19.68,1.1
2026-01-22,1.72,19.89,1.09
2026-01-23,1.73,20.02,1.08
2026-01-26,1.71,19.82,1.09
2026-01-27,1.77,20.52,1.05
2026-01-28,1.81,20.89,1.03
2026-01-29,1.82,21.08,1.03
2026-01-30,1.83,21.16,1.02
2026-02-02,1.73,19.97,1.08
2026-02-03,1.86,21.46,1.01
2026-02-04,1.88,21.76,0.99
2026-02-05,1.8,20.83,1.04
2026-02-06,1.78,20.59,1.05
2026-02-09,1.86,21.49,1.01
2026-02-10,1.86,21.49,1.01
2026-02-11,1.88,21.71,1.0
2026-02-12,1.94,22.47,0.96
2026-02-13,1.94,22.42,0.96
2026-02-19,2.0,23.13,0.93
2026-02-20,2.05,23.66,0.91
2026-02-23,2.05,23.73,0.91
2026-02-24,2.1,24.32,0.89
2026-02-25,2.14,24.78,0.87
2026-02-26,2.24,25.88,0.84
2026-02-27,2.21,25.58,0.84
2026-03-03,2.04,23.56,0.92
2026-03-04,1.79,20.74,1.04
2026-03-05,1.97,22.79,0.95
2026-03-06,1.97,22.72,0.95
2026-03-09,1.84,21.25,1.02
2026-03-10,1.95,22.56,0.96
2026-03-11,1.98,22.86,0.95
2026-03-12,1.96,22.68,0.95
2026-03-13,1.93,22.28,0.97
2026-03-16,1.96,22.66,0.95
2026-03-17,1.99,23.05,0.94
2026-03-18,2.11,24.35,0.89
2026-03-19,2.04,23.63,0.91
2026-03-20,2.04,23.63,0.91
2026-03-23,1.91,22.05,0.98
2026-03-24,1.96,22.68,0.95
2026-03-25,1.99,22.98,0.94
2026-03-26,1.92,22.16,0.98
2026-03-27,1.91,22.06,0.98
2026-03-30,1.85,21.38,1.01
2026-03-31,1.76,20.39,1.06
2026-04-01,1.93,22.29,0.97
2026-04-02,1.84,21.22,1.02
2026-04-03,1.89,21.86,0.99
2026-04-06,1.92,22.24,0.97
2026-04-07,1.95,22.49,0.96
2026-04-08,2.09,24.18,0.89
2026-04-09,2.05,23.72,0.91
2026-04-10,2.08,24.07,0.9
2026-04-13,2.06,23.84,0.91
2026-04-14,2.12,24.46,0.88
2026-04-15,2.16,24.99,0.87
2026-04-16,2.21,25.57,0.85
2026-04-17,2.2,25.39,0.85
2026-04-20,2.21,25.51,0.85
2026-04-21,2.27,26.23,0.82
2026-04-22,2.27,26.29,0.82
2026-04-23,2.3,26.59,0.81
2026-04-24,2.29,26.49,0.82
2026-04-27,2.35,27.13,0.8
2026-04-28,2.36,27.23,0.79
2026-04-29,2.37,27.43,0.79
2026-04-30,2.34,27.04,0.8
2026-05-04,2.36,25.55,0.87
2026-05-06,2.54,27.49,0.81
2026-05-07,2.59,27.99,0.8
2026-05-08,2.59,28.02,0.8
2026-05-11,2.72,29.49,0.76
2026-05-12,2.66,28.8,0.77
2026-05-13,2.74,29.7,0.75
2026-05-14,2.8,30.26,0.74
2026-05-15,2.61,28.28,0.79
2026-05-18,2.63,28.5,0.78
2026-05-19,2.55,27.55,0.81
2026-05-20,2.53,27.38,0.81
2026-05-21,2.75,29.81,0.75
2026-05-22,2.76,29.83,0.75
2026-05-26,2.83,30.67,0.73
2026-05-27,2.92,31.6,0.71
2026-05-28,2.91,31.45,0.71
2026-05-29,3.02,32.67,0.68
2026-06-01,3.15,34.06,0.65
2026-06-02,3.16,34.24,0.65
2026-06-04,3.1,33.56,0.66
2026-06-05,2.92,31.56,0.71
2026-06-08,2.67,28.87,0.77
2026-06-09,2.91,31.45,0.71
2026-06-10,2.76,29.84,0.75
2026-06-11,2.77,29.94,0.74
2026-06-12,2.68,21.76,0.71
2026-06-15,2.82,22.92,0.67
2026-06-16,2.89,23.45,0.66
2026-06-17,2.94,23.88,0.65
2026-06-18,3.03,24.59,0.63
